0 0.05235377320159074 0.6560098118013127 0.0031733801329216684 0.005744138584035881
0 0.16749258395851246 0.6581808495417161 0.004070177358485338 0.00491493114986909
0 0.20121842302623352 0.5778182312492338 0.003700161234986652 0.008563895185377889
0 0.2047337332533777 0.5237418437628031 0.0032945412212560398 0.002928481085560861
0 0.22350394967221113 0.5376521328351935 0.004508319565929319 0.003776199294539069
0 0.21986261333519813 0.5432778952151633 0.006589082442512044 0.007937725047704519
0 0.3037914820525372 0.5124279088502456 0.004646145852610637 0.006607851879268481
0 0.20982560467357436 0.7166067810740876 0.005222114346735865 0.006826293263707015
0 0.23970028365343368 0.6410375280224484 0.0030579844917245323 0.0037952344215952394
0 0.3405463161307564 0.6319021754750043 0.003004101403066315 0.002882241910525778
0 0.3209143578506824 0.6778295114199417 0.004038847441900302 0.005538990777463226
0 0.3954809799309969 0.6081236784963476 0.004500430006688916 0.004410677841313344
0 0.6242245974533823 0.48595565225578014 0.0055093997520256725 0.005996625580436046
0 0.5342066635878403 0.499587783159423 0.0034630416069632024 0.00857514106181163
0 0.45238503736471697 0.6530389779177231 0.002964228149927823 0.005996625580436192
0 0.4833051315618222 0.605247689200914 0.003679747515267593 0.005996625580436117
