0 0.2747395932674408 0.3769514858722687 0.016136551275849342 0.02072465606033802
0 0.23727074265480042 0.5148054361343384 0.027051543816924095 0.03735436499118805
0 0.20571725070476532 0.43555256724357605 0.023945951834321022 0.0189938023686409
0 0.17802073816337236 0.670457575536864 0.019626089903083184 0.009805918557241142
0 0.23912368282443652 0.6843978188927653 0.004243290737890355 0.00406195352686936
0 0.25536733516854226 0.699312490830236 0.004297691901196643 0.004352093064502896
0 0.26725398935096584 0.689931312446752 0.0038080814314400157 0.003965240347658323
0 0.2764477859497283 0.6952505373033668 0.003590476778214899 0.003191534913968752
0 0.27794704616256344 0.7091620185467125 0.004069207015310212 0.004574533376688521
0 0.27880761705596513 0.7220526827536569 0.003678515926044952 0.0043597225790161075
