0 0.5035971999168396 0.5169128179550171 0.006988716311752796 0.013203599490225315
0 0.290086030960083 0.5302287340164185 0.006042385008186102 0.010349527932703495
0 0.09487302794691951 0.665470393901558 0.003379015165535009 0.0038227242276758487
0 0.1757469385330844 0.6163753810473394 0.0042119409036959965 0.006667303713613109
0 0.21748404765078155 0.5382124129096141 0.003351089420365341 0.003971661535247719
0 0.24649191544581853 0.5240013114788059 0.00286238887989537 0.004592233650130169
0 0.24457202046540089 0.5304552614735835 0.0027925745169710935 0.00359931826631815
0 0.21220482067162494 0.69664927871055 0.003480942895616579 0.0049167656120732775
0 0.2662871905423793 0.6590244396505384 0.0020734865788510247 0.005734086341513916
0 0.36086628294468004 0.6293952608311549 0.003916585760051987 0.0036861983624017825
0 0.3534514129588814 0.6975801810147471 0.004780524604456318 0.006728145739605225
0 0.6133610942645853 0.5157425858676984 0.0034641482901920993 0.004789933438290461
