0 0.5853931307792664 0.35608553886413574 0.009045409969985485 0.01313137449324131
0 0.010320314654918956 0.5618795902124166 0.0038482529221731676 0.0053901455071518
0 0.023439358707782035 0.5901778541249629 0.003964866647087506 0.004768205640941829
0 0.02378919988252505 0.5343069228104487 0.002798729397944122 0.0033170126197856575
0 0.10349468086147538 0.5123317142043688 0.004314707821830534 0.005390145507151658
0 0.30862625748923167 0.5165524329626109 0.004347337003507583 0.004425778981728499
0 0.3280300106804944 0.4178574490750229 0.003982437159836749 0.006050086351913535
0 0.4827649800110034 0.3544252109952602 0.003461892210399995 0.0036047639524165475
0 0.5746111378136987 0.31563864661214514 0.0043147078218305525 0.008292531549464072
0 0.5711127260662683 0.3720278611485007 0.0024488882232010668 0.007048651817044416
0 0.5422508291499695 0.261840848184997 0.004664548996573501 0.005597458795888244
