0 0.18020161986351013 0.20421290397644043 0.05782296508550644 0.04137437790632248
0 0.3521691560745239 0.16445839405059814 0.04152359813451767 0.03585440292954445
0 0.2730347514152527 0.18418647348880768 0.019728850573301315 0.02716335654258728
0 0.1535402536392212 0.6181584596633911 0.02187981642782688 0.02306450717151165
0 0.22873858911351214 0.6738596565404622 0.0037602607244014764 0.004432384621999859
0 0.2394542721088731 0.6962938010017717 0.004570277362661841 0.004029440565454223
0 0.2596782534758358 0.6816373864367469 0.0031921343758234146 0.004396053600508054
0 0.26271302911482286 0.6884312874557138 0.0035068518494961154 0.0035967711276884986
0 0.2632104412260332 0.7036810680860343 0.002557607384320093 0.00370667736857996
0 0.26106983504567827 0.7107978886337076 0.0030024086685497765 0.0034101431790936943
0 0.25942963031008165 0.7183347992831536 0.004670413484410645 0.004843391761611145
0 0.25317461225060306 0.7235982811465371 0.00533761541075517 0.004398590477381532
0 0.2730933697600094 0.7222391661113912 0.006032617417363824 0.004151478652809573
