0 0.2807528078556061 0.021079227328300476 0.04563283920288086 0.037636175751686096
0 0.1402386873960495 0.586505651473999 0.02835998497903347 0.02012278325855732
0 0.2235636063847643 0.6706559766931484 0.004344476901640029 0.004914963767512006
0 0.23103479014743314 0.6909594579708467 0.003752048233234575 0.0043298490332844605
0 0.2555876671824595 0.6790231173926035 0.005463508830850401 0.004563894926975394
0 0.25637757207366674 0.6873317466186354 0.0050685563852466585 0.0045638949269752515
0 0.2561397691163327 0.7007241064607314 0.0038164491790147535 0.0043347324008561824
0 0.24543250891965251 0.7203246355776466 0.0046645489965735365 0.006596331914346365
0 0.25449657571981243 0.7151418033592314 0.00434651156498898 0.0041462657747320004
0 0.2670590542674025 0.7200419356384603 0.004876573950963241 0.0060309320359738195
