0 0.6398491859436035 0.42681851983070374 0.007968139834702015 0.013005404733121395
0 0.5930376648902893 0.45411017537117004 0.006794643588364124 0.012410905212163925
0 0.09161170068701213 0.6250932601668925 0.0027191787591706353 0.004413739435175543
0 0.14438585916441135 0.675425542831315 0.0052221143467359 0.00764544845535184
0 0.15571446343730316 0.459023968502013 0.0062258354424982445 0.00875540374003073
0 0.16732982806882973 0.49065905937401055 0.0041815312673495345 0.004625496315487893
0 0.17375189875893085 0.5432542306909127 0.003732468634733195 0.0060322725409830726
0 0.1787143854664739 0.5538861110443952 0.004156612797771082 0.007087920235655005
0 0.35033316831410377 0.49268032589903443 0.005620451486964058 0.009110274305667403
0 0.2276215197552034 0.7032110344464795 0.0031485705726871415 0.005182832218414859
0 0.2770900910329946 0.6413738305276288 0.004346511564988909 0.003957799148607819
0 0.2862601703103494 0.6280869333858733 0.0027563244070661908 0.0033923992702354746
0 0.2777857080409341 0.5645400124456266 0.0032583576762300124 0.00566391062732329
0 0.3428222174353045 0.5778640994428672 0.003148570572687106 0.006012085373361486
0 0.4875224956007635 0.5817297005716946 0.002382860872093602 0.005515049062455546
