0 0.1335412561893463 0.5633525848388672 0.030953263863921165 0.021529726684093475
0 0.22176888540930326 0.6695221767117678 0.0059366987229118 0.004334732400856325
0 0.22786460284800727 0.6875207395066272 0.006042711200106581 0.0045231990269803644
0 0.25320158489757716 0.6783801081396044 0.005618661291327207 0.0043347324008561824
0 0.253261101939075 0.6879430559888781 0.004540923548706566 0.0025577039130227773
0 0.25272544940488084 0.6997000801571985 0.005786305551668711 0.0045718957445284045
0 0.2419288432091993 0.7199519130285961 0.004966826209863911 0.005212840359482271
0 0.26484805331013783 0.7202178742714267 0.005804604124780788 0.005319224856614682
0 0.252371146505841 0.7137816121949231 0.004188889574583996 0.004148995388159449
0 0.25093495579455505 0.7062283128985303 0.0044282546931316705 0.005000071365217735
