0 0.26745444536209106 0.6504712700843811 0.028282547369599342 0.02003529854118824
0 0.3053211271762848 0.23805803060531616 0.04652271419763565 0.030517281964421272
0 0.14552569389343262 0.5642795562744141 0.02567272260785103 0.024996016174554825
0 0.19955870509147644 0.6745719313621521 0.019430875778198242 0.01383158378303051
0 0.2476318854465822 0.6881301522080305 0.004558536519378684 0.0037693325224836373
0 0.26756223115921457 0.7021709158542823 0.004558536519378649 0.0035808658963594553
0 0.2731808924505418 0.6924648846088869 0.004770561473768424 0.006030932035973962
0 0.2859553959525216 0.6962342171313705 0.004028474133404387 0.0056539987837254555
0 0.2885527016437955 0.7098980475253738 0.00413448661059931 0.0047116656531045464
0 0.2897718451315363 0.7217714449711973 0.0033923992702352733 0.007350198418843093
0 0.2829585017554777 0.7256367492285386 0.004699275848607378 0.006513497221421716
0 0.28468386437487886 0.46682655513496596 0.020953737161232944 0.012141095441570328
