0 0.6392698287963867 0.4041757881641388 0.007044792175292969 0.01253407821059227
0 0.515633225440979 0.4596462547779083 0.008520126342773438 0.014743889681994915
0 0.5581601530227533 0.4268138207237525 0.0032289195350838893 0.005958287524655504
0 0.6312859169299716 0.350710844478429 0.004495963909610481 0.007593183491786562
0 0.25735963433387693 0.6414345451218647 0.005937451765574764 0.007852239733334513
0 0.28908160459323295 0.5451754115034619 0.004460329619017109 0.006088703924372539
0 0.2141587553703898 0.5358730459506278 0.0043444769016399935 0.005383055554894014
0 0.1457607839130947 0.4857091362582088 0.0034124366073943514 0.004396053600507983
0 0.14362088598229128 0.5987405493100338 0.003596771127688392 0.0035967711276884274
0 0.12074062342108523 0.6207628388367532 0.003515026329331814 0.004141736450065352
0 0.07667861779443548 0.576530837749188 0.005014390171316556 0.012231484035459489
0 0.052056152447375915 0.4257450417986132 0.004607778532042479 0.007340530302128272
0 0.006264373652423138 0.5050514435119813 0.0053444306685008595 0.005607271521050165
0 0.004906984930227048 0.5855142495440482 0.003231429100393422 0.0060639163365407
