0 0.6163628101348877 0.3165915310382843 0.006276416592299938 0.01197679340839386
0 0.6387608647346497 0.3899708092212677 0.008069038391113281 0.01362762413918972
0 0.5279752482397894 0.43314862899891327 0.005390660727622958 0.00800081755292446
0 0.44170599532009436 0.3777602068480694 0.0038575370344457126 0.003516842880406443
0 0.2942906318162076 0.5025532443361457 0.00441030230924067 0.004329849033284319
0 0.27333101022754064 0.6055472786690265 0.005266032608048512 0.0052660326080484765
0 0.17732106975586126 0.533168555018659 0.003182469439466935 0.003523669866700274
0 0.10839527386216105 0.4809026197625444 0.004248730854220977 0.005744762845143825
0 0.10029679061319265 0.5852259445845648 0.004273023550456206 0.0034349329410431296
0 0.09186906633320792 0.6239142597711965 0.004732901207646947 0.005222511677403645
0 0.048278329312180165 0.5451732919460277 0.004062085903033445 0.00991184359781569
0 0.008175106695580345 0.570442871200533 0.003232635207736445 0.005548737827838721
