0 0.2894415347018541 0.7204200003896123 0.009235807013215585 0.005473070822646377
0 0.14902572279923756 0.7250053270393607 0.015182870122754526 0.00589071182468075
0 0.1978576926507909 0.6715345792108576 0.004732901207646911 0.00406195352686936
0 0.19407681180100372 0.6769988738362893 0.004896104697565767 0.003191534913969253
0 0.22108698938257526 0.6651515093829201 0.005385715167322367 0.003481674451602288
0 0.22062457949447187 0.6708575869563793 0.004352093064502931 0.0032882480931800727
0 0.20952763406323321 0.6927013295272667 0.0044959639096104455 0.004955551331481729
0 0.22257267248327672 0.6932952530811454 0.003884566864051138 0.004143537988321242
0 0.21308374284586382 0.7103053963015307 0.005300623859742686 0.005277065531477092
0 0.2247451153372976 0.708514963353351 0.006360748631691209 0.0058424654098496375
0 0.237837656270862 0.7078553301619164 0.0049825864281581285 0.004900132279228728
0 0.23396820085324982 0.7205768274252988 0.004876573950963241 0.0035808658963594553
0 0.2313178889233786 0.7092688298578477 0.0031803743158456046 0.00508859890535291
0 0.24647767316224256 0.7181267612856843 0.0033923992702352733 0.0047116656531045464
