0 0.14283948245000982 0.6869038039832279 0.0038841779327824888 0.006360057433795987
0 0.1514255599856342 0.6451999988101949 0.0044974691853270875 0.003634318533597707
0 0.22925644129146827 0.5482054527902132 0.005975655755570415 0.007404179522053482
0 0.2645671343925662 0.5338799750192834 0.005975655755570415 0.010301467161118011
0 0.28458523399780455 0.5496128095305759 0.004038847441900337 0.0054364168741769
0 0.3831273700049519 0.62925302905912 0.004086407886290218 0.003784617283909455
0 0.4140657302684094 0.697741338621124 0.003531070847984097 0.009746581521920917
0 0.40073129167141697 0.7081487053309717 0.002880610428618553 0.005121085206433094
0 0.47269434946680333 0.528938289359586 0.004458467955344432 0.0063409322031565555
0 0.5977479409713609 0.5359720813409347 0.004898462605288572 0.006858810963550539
0 0.6058029009212201 0.5652649201561516 0.003379015165535009 0.00819155191644846
