0 0.7607446908950806 0.4946802854537964 0.007783317472785711 0.012523566372692585
0 0.41491755843162537 0.49886399507522583 0.009257698431611061 0.013134256936609745
0 0.6246919335342128 0.6280109843958991 0.004309274618445044 0.005715298964851243
0 0.3918102749107786 0.6317026436628965 0.0037095875418775392 0.009175404934498985
0 0.48963922155244094 0.4937476254016464 0.003903131239714597 0.006938899981714926
0 0.5899496944131067 0.24654931355305365 0.005074070611628869 0.00728584498080064
0 0.5303293647264659 0.476573847946902 0.0037079746777288845 0.0065919549826291045
0 0.5731662300823338 0.46078785048850074 0.005074070611629011 0.007632789979886354
0 0.6793853039313248 0.5564281476394833 0.004032160371606039 0.004300971063046361
0 0.011452762840132628 0.2654124404926676 0.0049589282400574275 0.008396068977875011
0 0.05797223252067135 0.2572262732392395 0.004486649360051959 0.007136658631193775
