0 0.40460866756066016 0.4313150659460605 0.005479246673889773 0.008184538060836919
0 0.7910456556680014 0.1788141771401272 0.008515922704831808 0.011354563606442518
0 0.5332845586748711 0.21398861348952253 0.0058546968595719305 0.007254304526338267
0 0.44528669072494137 0.42073629249016364 0.005145036634169244 0.007569709070961678
0 0.3901993157280601 0.34062353815581903 0.004967621577818591 0.006938899981714926
0 0.28995980888993467 0.41111645387914975 0.004257961352416011 0.0053618772585979
0 0.40004585135552206 0.4290945129226838 0.0044353764087666295 0.007885113615585056
0 0.6179123355640567 0.4601056358057477 0.004677306031062969 0.011755987572326774
0 0.1903411193469997 0.2513960052674391 0.005760371187945452 0.005486067798043273
0 0.07132773605319731 0.2951016787251842 0.005554643645518862 0.006583281357651956
