0 0.4613521099090576 0.4973711669445038 0.009778213687241077 0.01630588062107563
0 0.45376354455947876 0.47213608026504517 0.01052246056497097 0.01720699667930603
0 0.6538740396499634 0.6398763656616211 0.010726451873779297 0.01726616732776165
0 0.7778716087341309 0.25576579570770264 0.011250114068388939 0.01976420171558857
0 0.30163735151290894 0.44640663266181946 0.011570120230317116 0.017212847247719765
0 0.4783414134800439 0.340669018024292 0.008312108288096169 0.00969745966944565
0 0.3678163485867638 0.33097155835484643 0.005454821064063182 0.012468162432144396
0 0.03662522714442414 0.335358504395786 0.0051950676800601595 0.008312108288096169
0 0.048833636192565526 0.1702707981183187 0.004675560912054139 0.006926756906746831
0 0.13624064990957774 0.2464651240925344 0.00805235490409327 0.009697459669445579
0 0.2871363604372556 0.08547674304202856 0.0060241138973363565 0.01499335014448179
0 0.23457596668299524 0.3261735605400486 0.009337376540871497 0.010174059026612597
