0 0.4538695216178894 0.4646260142326355 0.00971374474465847 0.016067929565906525
0 0.4395805299282074 0.45077335834503174 0.010325049981474876 0.017746735364198685
0 0.6423413157463074 0.6065378189086914 0.009737205691635609 0.017161475494503975
0 0.36466681957244873 0.32951420545578003 0.010548544116318226 0.01789500005543232
0 0.29626667499542236 0.4245128929615021 0.011395168490707874 0.01673346571624279
0 0.5261873432732983 0.3386394468424044 0.013429249952955474 0.011175167809551639
0 0.5993338962085453 0.22891961743953373 0.009429047839309136 0.010159243463228763
0 0.7724476542657726 0.22159195828090666 0.0067447046215954745 0.007494116246217253
0 0.0451808542300232 0.3196436567022593 0.004928820461457075 0.00681515915658256
0 0.03737688849938283 0.1799328939923155 0.006845583974245933 0.007788753321808705
0 0.1530672576641392 0.2592808184582418 0.00876234748703478 0.008762347487034815
