0 0.6649442911148071 0.6384022235870361 0.010665702633559704 0.01614142581820488
0 0.26665371656417847 0.21054454147815704 0.009394931606948376 0.016633817926049232
0 0.7860620617866516 0.3186515271663666 0.012273597531020641 0.018366072326898575
0 0.6743171925369897 0.27430113662040556 0.007792601520090159 0.010914889671237483
0 0.47572392349469 0.5137990042142903 0.005431207120062851 0.007976265528981372
0 0.47820338761471864 0.5685833542949246 0.006139625440071086 0.010914889671237446
0 0.3908047577884099 0.3553541223528998 0.005152133236423282 0.00992262697385236
0 0.31234206204204673 0.490836144495883 0.006654838763713435 0.011449184969829601
0 0.10875294573216848 0.24189010397696165 0.004878914049643246 0.008673624977143569
0 0.0544018432191424 0.17128679666301275 0.0054643837356004536 0.00763278997988639
0 0.030054110545802582 0.3513512511885139 0.006635323107514854 0.006938899981714926
0 0.10294508644747312 0.33834081372279856 0.009172358413329355 0.010755294971658103
0 0.39968647245784156 0.32583864760471515 0.007481001542786316 0.005440728394753691
