0 0.4349308907985687 0.42903509736061096 0.011105919256806374 0.01758015900850296
0 0.3122537434101105 0.3371899425983429 0.012913083657622337 0.018210560083389282
0 0.7746152186072311 0.3454316362778572 0.009610875208111196 0.008773892081879352
0 0.7803297930552969 0.405232637572772 0.009610875208111339 0.009235675875662536
0 0.6470763070617542 0.5883299118077813 0.005974327832069122 0.008773892081879424
0 0.5192776421322742 0.6677567243384789 0.007013341368081214 0.009697459669445579
0 0.46148251419160485 0.5532343434802636 0.007792601520090301 0.007850324494312985
0 0.10801161551524506 0.45377022661487276 0.01095293435879352 0.009735941652260962
0 0.06061453446286858 0.3745550649896592 0.006223258158405392 0.010621027257011875
0 0.026635544917975106 0.37167853677421847 0.0064721884847416125 0.005753056430881429
